0.398026315789
0.762418867682
0.740297713982
0.634523809524
0.545512820513
0.547794117647
0.75
0.743183940243
0.627450980392
0.428571428571
0.570512820513
0.353216374269
0.682818156502
0.648399530752
0.671052631579
0.498599439776
0.810049019608
0.48961038961
0.476530612245
0.678733031674
0.571794871795
0.851282051282
0.321078431373
0.55
0.609504273504
0.607142857143
0.686274509804
0.793650793651
0.857142857143
0.375
0.647916666667
0.285714285714
0.388304093567
0.686274509804
0.874868226861
1.0
0.534090909091
0.610416666667
0.71125
0.745535714286
0.510989010989
0.736842105263
0.734299516908
0.491666666667
0.747899159664
0.604166666667
0.560784313725
0.442857142857
0.720588235294
0.454166666667
0.653221288515
0.693458646617
0.6875
0.181818181818
0.701388888889
0.699948400413
0.363636363636
0.879120879121
0.903996486605
0.663602941176
0.483982683983
0.708333333333
0.680104209516
0.566666666667
0.734299516908
0.508513708514
0.469761904762
0.594887955182
0.761904761905
0.766666666667
0.870588235294
0.645482295482
0.805555555556
0.836749482402
0.538844325609
0.73674151935
0.296703296703
0.580952380952
0.701785714286
0.75
0.672807584572
0.710317460317
0.867102396514
0.801470588235
0.485294117647
0.735294117647
0.567521367521
0.7004048583
0.458333333333
0.25
0.550505050505
0.610110722611
0.67892083149
0.555555555556
0.598450311299
0.666666666667
0.435087719298
0.603622358034
0.617040149393
0.428571428571
0.614372469636
0.625
0.526726896292
0.722222222222
0.785811247576
0.478409090909
0.792592592593
0.366666666667
0.688228438228
0.720588235294
0.65
0.781886087768
0.688888888889
0.681917211329
0.447138047138
0.647470176882
0.64066951567
0.578939393939
0.685714285714
0.696428571429
0.637717121588
0.494047619048
0.619047619048
0.605885225885
0.807486631016
0.798311688312
0.688608452951
0.91011042098
0.923076923077
0.763492063492
0.793650793651
0.687550875051
0.601785714286
0.736263736264
0.569123931624
0.787844611529
0.4
0.214285714286
0.648498168498
0.859552042161
0.628571428571
0.5
0.357124183007
0.511111111111
0.454201680672
0.756752969253
0.68469785575
0.797077922078
0.157575757576
0.744047619048
0.526428571429
0.730308123249
0.727460362135
0.616071428571
0.678571428571
0.571428571429
0.77694235589
0.892045454545
0.594871794872
0.84593837535
0.489306249306
0.757597117794
1.0
0.739923747277
0.644444444444
0.716246498599
0.735984848485
0.484210526316
0.699754193175
0.667843137255
0.402777777778
0.726866359447
0.793650793651
0.723484848485
0.574834054834
0.823529411765
0.468203948246
0.613324160073
0.745098039216
0.552258852259
0.632936507937
0.675
0.703976608187
0.517925824176
0.700854700855
0.67996749982
0.811503267974
0.643331543144
0.577651515152
0.707692307692
0.556862745098
0.554920634921
0.777869189634
0.768907563025
0.51958041958
0.666666666667
1.0
0.593406593407
0.628571428571
0.4
0.577422577423
0.737141233305
0.377971014493
0.717171717172
0.375
0.786184210526
0.600905746914
0.434661172161
0.744721418932
0.566783636532
0.57748895897
0.531282051282
0.5863003663
0.723416289593
0.616641201935
0.62818627451
0.428681318681
0.482638888889
0.527686864219
0.546558704453
0.747474747475
0.565268065268
0.754524886878
0.539565826331
0.747863247863
0.610526315789
0.674773755656
0.7125
0.73569023569
0.487179487179
0.784615384615
0.900104147061
0.742343604108
0.422222222222
0.668650793651
0.679047619048
0.780014430014
0.533333333333
0.663194444444
0.660173160173
0.788888888889
0.839499389499
0.697420634921
0.539926739927
0.45
0.478484848485
0.575980392157
0.623601398601
0.703703703704
0.739997522606
0.717467948718
0.507692307692
0.732377819549
0.746889952153
0.4375
0.641666666667
0.671088405059
0.686741363212
0.426573426573
0.712684374449
0.762138188609
0.819444444444
0.543235294118
0.624509803922
0.775819815106
0.642857142857
0.457720588235
0.78137254902
0.630952380952
0.540441176471
0.691919191919
0.472431077694
0.613849016481
0.5875
0.510317460317
0.413499543934
0.488935113519
0.392948717949
0.504962894249
0.464675324675
0.298611111111
0.640336837076
0.889743589744
0.580128205128
0.549481220534
0.586688008537
0.802994227994
0.636244497799
0.518333333333
0.54375
0.562770562771
0.69362745098
0.546323529412
0.647561588738
0.669871794872
Total number of distinct tags: 566
Average number of hypernyms for each tag: 1.60600706714


 AVERAGE ACCURACY = 0.631194533349
